Contribution: 2026-01-05T14:27:11.373561 - Commit 1/1
Contribution: 2025-12-08T19:16:05.381361 - 9520
Contribution: 2025-12-08T19:27:05.381361 - 6914
Contribution: 2025-12-09T22:52:20.102999 - 2068
